d="m -47.67081,78.744324 c -250.75351,199.317716 217.87244,223.221796 0,0"
d="m -47.67081,78.744324 c -236.7338,159.511926 170.57139,270.598516 50,0"
d="m -47.67081,78.744324 c -210.54139,134.923126 93.88563,289.307386 100,0"
d="m -47.67081,78.744324 c -178.79139,103.173126 16.196495,283.038356 150,0"
d="m -47.67081,78.744324 c -152.33306,114.512416 -18.328431,233.854206 200,0"
d="m -47.67081,78.744324 c -93.25481,132.136466 17.432134,228.053036 250,0"
d="m -47.67081,78.744324 c -41.85005,155.570986 61.067624,189.088076 300,0"
d="m -47.67081,78.744324 c 12.100406,138.984536 106.791312,165.794376 350,0"
d="m -47.67081,78.744324 c 48.0081441,107.990486 182.90179,116.840896 400,0"
d="m -47.67081,78.744324 c 70.134467,0 143.688378,-0.263411 450,0"
